1 5 10

2 6 10
3 7 10
4 8 10
5 9 10
6 10 10
7 11 10
8 11 11
9
10
11 11 11
--------->10
=============
1 5 10

1 6 11
2 7 11
3 8 11
4 9 11
5 10 11
6 11 11
7 11 11
8 11 11
9 11 11
10 11 11
11 11 11
--------->11
=============
1 5 10

2 6 10
3 7 10
4 8 10
5 9 10
6 10 10
7 11 10
8 11 11
9 11 11
10 11 11
11 11 11
-------->10
==============
1 2 3

1 3 4
2 4 4
3 4 4
4 4 4
------->4
==========
1 2 3

2 3 3
3 4 3
4 4 4
-------->3
==========
1 2 3

2 3 3
3 4 3
4 4 4
------>3
==========
1 2 3

2 2 3
3 2 3
4 2 3
4 3 3
4 4 3
4 4 4
-------> 6/2 = 3
================
1 5 10

2 5 10
3 5 10
4 5 10
5 5 10
6 5 10
7 5 10
8 5 10
9 5 10
10 5 10
11 5 10
11 6 10
11 7 10
11 8 10
11 9 10 
11 10 10
11 11 10
11 11 11
---------->17
1 2 3 4

2 3 3 4 a0 b1
3 4 3 4 a0 b1
4 5 3 4 a0 b1
5 5 4 4 a 0 b
5 5 5 5
--------->5
1 2 3 4 5

2 3
3 4
4 5
5 6
6 6 4
6 6 5 5
6 6 6 6
6 6 6 6 6
---------->8